   1         "t+ah"   35  147.491150  53.289200  48.301918
   2         "t+aw"  227  543.881104 554.674744 815.315186
   3         "t+ax"  138  139.971207 155.850342 254.351608
   4         "t+ay"   36  140.613052  73.834747 107.911316
   5         "t+eh"  264  748.094849 655.261047 481.336365
   6         "t+oh"   89  338.937775 218.347839 146.567337
   7         "t+uw"  132  538.566528 460.641296 262.594818
   8         "t-ax"  138  292.637054 336.034241 632.485291
   9         "t-iy"   38  207.611649 189.676056 282.513580
  10         "t-uw"  132  739.642761 1039.952393 942.370667
  11           "sp" 2870  8519.961914
  12      "jh-ih+k"   39  112.915993  93.881500  79.430008
  13         "ax-m"   92  140.327515 154.119080 145.933075
  14         "ay-z"   37  101.869133 214.307220 390.793854
  15       "b-ey+n"   33   60.868793 193.681656  63.245850
  16      "sh-ey+k"   32   70.060104 281.159515 123.307014
  17        "n-d+r"   37   87.528305  63.632336  62.873920
  18         "d+ah"   38  203.162262 106.940506 119.822083
  19         "d+uw"   39  194.835999 115.931320 130.952011
  20       "m-ih+d"   88  648.382996 595.051270 460.543091
  21        "jh+eh"   36  169.716156 165.794495 156.290115
  22        "jh-er"   37  261.384918 367.912323 267.868805
  23        "n-t+r"   34  143.003296 132.068741  56.064095
  24       "g-l+ah"   36   95.327019  42.842720  51.313244
  25       "g-l+ih"   76  350.157410  85.410332  85.149124
  26       "k-t+ih"   76  104.285522 101.277206 121.226860
  27         "m+ae"   39   70.172920  79.964554  82.152580
  28         "m+ih"   88  138.478607 216.888779 284.674744
  29         "m+iy"   37   94.018394 145.173370 127.007172
  30       "m-iy+p"   37  226.849686 210.863968 244.322739
  31       "b-oh+t"  126  369.185028 568.386536 371.664154
  32      "ih-t+iy"   38  149.649582  92.581184  63.410873
  33       "k-l+ae"   38  207.435150  61.342609  58.215084
  34      "r-ey+th"   37   63.779205 139.313293 281.524994
  35       "s-ae+l"   33   88.999565  57.883942  59.385891
  36       "t-eh+k"   37  161.362762  95.770485 104.005806
  37       "t-eh+l"  227  1249.331299 852.436401 947.076660
  38         "th+r"   82  344.283447 457.789246 217.070679
  39       "w-ih+n"   37  104.233841  58.022453  95.625977
  40      "th-r+iy"   82  170.074799 294.348877 435.056244
  41      "k-hh+ay"   37  117.321335 188.683945 149.983215
  42       "r-ey+n"   37   75.101509  83.738869  88.616127
  43       "s-t+ih"   39  113.831772  89.909096 131.915085
  44        "ch+eh"   33  174.785217 220.600327  93.272911
  45       "w-ah+n"   97  365.351563 314.332184 574.938110
  46         "n-ch"   34  142.612167 171.650513 311.986145
  47         "n-iy"   36  324.946381 369.934296 235.049637
  48      "oh-t+ax"   92  258.091492 228.089172 246.421158
  49       "b-r+aa"   34   75.184082 136.044479  85.481750
  50      "hh-ay+z"   37  122.375191  82.494301 102.204781
  51       "v-ey+t"   76  274.450500 454.588196 442.027588
  52       "s-l+aa"   39  211.017105  84.717255  58.120689
  53       "d-r+ey"   37  119.515640 113.926140  51.914749
  54      "aa-n+ch"   34   62.978233 101.626686 123.496086
  55     "er-th+sh"   32  146.215790  72.388626 140.825851
  56         "w+ah"   97  356.846680 505.022308 300.389618
  57         "w+ih"   37  164.822708  80.472610 101.029083
  58          "b+r"   34  199.390320 144.857590 138.772598
  59          "b-z"   38  268.675903 357.498291 387.855194
  60          "g+l"  112  569.363708 367.410248 341.741791
  61         "uw-m"   39  105.237457 100.788086  51.963169
  62       "t-oh+p"   89  400.908386 290.285583 547.693115
  63          "k+l"   38   85.530090  72.407394 179.290207
  64          "l-v"   33  238.112061 102.044563 166.913422
  65      "ih-v+ey"   76  123.556396 253.757813 170.135284
  66       "s-m+ow"   33   61.514893  73.366013  71.435806
  67         "eh-m"   36   74.476219 220.817200  79.385704
  68         "eh-n"   33   61.387661 218.561462 317.164642
  69      "iy-p+ao"  227  415.927948 443.292389 915.583679
  70      "iy-p+ow"   37  149.128540  92.153236 127.834473
  71        "ih-ng"   74  610.299133 395.807373 515.283569
  72          "s+l"   39  126.454926 216.135010 124.529716
  73          "s+m"   33  134.290131 245.984833 159.506424
  74          "s+t"   39  132.900009 304.724731 145.448990
  75          "s-k"   35   59.157146  73.601227 104.719536
  76          "s-t"   38   53.209713  41.073097  54.048306
  77          "t-l"   34  291.785095 136.004929 119.867378
  78          "t-s"   38  149.478821 475.707123 182.960785
  79          "sil" 1900  12335.166016 8519.961914 4538.271973
  80       "uw-t+s"   38   69.580444  75.550179  98.897728
  81         "ey-n"   33   64.747284 157.178253 258.283020
  82         "ey-t"   76  137.230743 107.027473 129.205582
  83         "p+ih"  306  846.116028 781.496094 1244.238403
  84      "ch-eh+n"   33  231.222687 168.155350 153.720917
  85       "d-ah+r"   39  133.321472 394.614227 308.543610
  86       "d-ah+s"   38   99.936577 245.380524 133.646393
  87         "p-ow"   37   98.339882 444.116058 410.286804
  88       "t-r+iy"   34   72.051056 101.368721 172.388885
  89      "jh-eh+m"   36  123.258102 175.142776 265.176758
  90      "ey-k+ax"   32   56.471478  65.041992 149.831924
  91       "l-ih+f"   76  190.115784 332.080444 136.116058
  92       "l-aa+r"   39  143.044678 239.272461 126.941071
  93       "l-ae+r"   38   95.834839 156.494232 190.852112
  94         "oh-p"   89  171.352631 128.784134 424.378754
  95     "th-sh+ey"   32  312.602020 121.026466 242.593582
  96      "t-aw+ax"  227  2648.746826 1669.332275 575.599426
  97       "l-ah+v"   36   70.525467 263.085846 168.784592
  98       "p-ih+k"  306  908.826355 1608.123535 2135.757813
  99       "l-iy+p"  227  345.185455 611.951111 371.940979
 100      "ay-n+iy"   36   60.314854  85.066589  98.282028
 101       "ae-k+t"   76  314.657806 212.670547 186.709045
 102       "r-ih+t"   38   82.389603 113.129021 125.850121
 103       "ae-l+v"   33  275.912292  56.152374 114.178528
 104        "aw-ax"  227  545.440796 629.823181 853.412292
 105         "ow-k"   33  113.554420  62.286846 121.868866
 106       "r-aa+n"   34   51.470985  61.648979  58.672871
 107        "ey-th"   37   75.511658  75.639740 101.495743
 108       "t-ih+k"   39  221.060394 224.893463 147.299500
 109       "t-ih+v"   76  155.744827 149.591370 119.526733
 110       "s-eh+n"   34   95.193520 102.196632 107.642876
 111       "p-ao+t"  227  922.114258 312.152740 1374.304810
 112       "t-ah+s"   35   87.229584 234.220474 187.036774
 113         "r+ey"   37  332.536987 178.416901 115.870110
 114       "ah-n+d"   37   72.999046 124.849815 149.825027
 115         "r-iy"  116  254.797165 868.532104 798.727417
 116       "ah-s+k"   35  160.396851 385.353119  84.945671
 117       "ah-s+t"   38  154.397583 323.627625 114.980339
 118      "d-ay+ih"   37  248.269348 267.061646  87.944153
 119       "n-d+ay"   37  109.580017  96.792725 123.372833
 120       "t-ax+m"   92  199.911087 521.958557 417.116516
 121       "t-ay+n"   36  185.840027 141.661728 164.996262
 122       "eh-n+t"   34   76.653816 102.217003 111.428185
 123      "eh-k+hh"   37  113.589722 112.556725  90.964020
 124       "r-d+ah"   39  135.828979  80.848480  84.809410
 125         "b+ay"  301  1322.626831 977.807922 899.089600
 126         "b+ey"   33  171.935898 121.502563 298.510376
 127        "er+th"   32  134.886749 124.182625 123.310341
 128         "b+oh"  126  487.592072 432.530518 504.337463
 129         "b+uw"   38  167.878387 133.146393  58.487114
 130       "aa-b+z"   38   63.191959  66.892288 210.897812
 131         "b-ay"  301  1831.466797 2129.862305 2227.640625
 132      "m-ae+jh"   39   71.884964 122.350662 181.541702
 133      "ae-r+ih"   38   76.412910 171.223770 141.104843
 134     "ae-jh+ih"   39  295.398560 123.647156  84.505638
 135       "ih-n+d"   37   91.368217  64.224960 101.025375
 136       "m-ow+k"   33  141.424561 210.217484 257.951752
 137         "s+ae"   33  148.130859 215.734253 105.705544
 138         "s+eh"   34  139.355240 198.726791 197.525894
 139         "ih-d"   88  269.263123 115.613258 151.933899
 140         "ih-f"   76  550.862549 297.499146 620.802124
 141         "ih-k"  384  890.531555 832.506287 1013.190796
 142       "aa-r+d"   39   50.365608 108.266403  96.987854
 143         "k+ih"   37   93.040886  73.907112 202.054825
 144     "ay-ih+ng"   37  153.800034 113.304771  59.396118
 145      "ey-n+jh"   37   80.020729 124.740891 117.521088
 146         "k-ax"   32  108.311378 327.617706 122.905243
 147         "aa+b"   38  162.911697 198.006180 159.992172
 148      "k-ih+ng"   37  181.521820  94.074089  96.295135
 149       "b-uw+t"   38  131.729370 169.343018 107.659019
 150         "ae+k"   76  278.456726 309.380646 264.990845
 151         "ah+n"   37  208.540482 117.860474  94.742134
 152         "ah-n"   97  187.255341 280.157104 558.596741
 153         "ah-r"   39   63.147385 105.745384 101.187630
 154         "ah-v"   36  201.468964 108.262131 186.764130
 155      "eh-l+iy"  227  1469.788940 829.286011 740.050659
 156       "d-uw+m"   39  324.294159 388.514984 358.086853
 157       "oh-t+l"   34  110.443214  74.952065 161.455490
 158         "ao-t"  227  343.783997 365.107056 250.711075
 159      "n-jh+er"   37  154.682053 112.754158 108.254341
